C:\Users\97253\AppData\Local\Programs\Python\Python311\python.exe "C:\Users\97253\OneDrive\שולחן העבודה\final project\Sketches-main\src\Quntize_one_layer_vector.py" 
original x:tensor([ 6.5657e-01,  2.0000e+00,  1.0000e+03, -4.0000e+00, -5.0000e-01,
         6.1100e+00,  7.0000e+00,  8.0000e+00, -1.0000e+03,  4.5000e-01])
Original Weights:
[-3.162e-01 -3.071e-01 -3.062e-01 -3.062e-01 -3.050e-01 -3.014e-01
 -3.005e-01 -3.000e-01 -2.977e-01 -2.948e-01 -2.907e-01 -2.876e-01
 -2.873e-01 -2.871e-01 -2.868e-01 -2.856e-01 -2.837e-01 -2.759e-01
 -2.735e-01 -2.732e-01 -2.693e-01 -2.658e-01 -2.600e-01 -2.573e-01
 -2.572e-01 -2.568e-01 -2.552e-01 -2.535e-01 -2.511e-01 -2.507e-01
 -2.500e-01 -2.486e-01 -2.482e-01 -2.438e-01 -2.378e-01 -2.377e-01
 -2.356e-01 -2.343e-01 -2.317e-01 -2.303e-01 -2.298e-01 -2.248e-01
 -2.234e-01 -2.212e-01 -2.195e-01 -2.180e-01 -2.145e-01 -2.129e-01
 -2.110e-01 -2.081e-01 -2.055e-01 -2.019e-01 -2.001e-01 -1.966e-01
 -1.946e-01 -1.866e-01 -1.844e-01 -1.835e-01 -1.827e-01 -1.729e-01
 -1.706e-01 -1.694e-01 -1.665e-01 -1.657e-01 -1.646e-01 -1.640e-01
 -1.640e-01 -1.623e-01 -1.582e-01 -1.578e-01 -1.553e-01 -1.517e-01
 -1.422e-01 -1.349e-01 -1.327e-01 -1.304e-01 -1.289e-01 -1.283e-01
 -1.273e-01 -1.264e-01 -1.258e-01 -1.251e-01 -1.181e-01 -1.165e-01
 -1.162e-01 -1.157e-01 -1.149e-01 -1.135e-01 -1.100e-01 -1.094e-01
 -1.028e-01 -1.021e-01 -1.005e-01 -9.943e-02 -9.828e-02 -9.824e-02
 -9.766e-02 -9.754e-02 -9.743e-02 -9.280e-02 -9.261e-02 -9.240e-02
 -8.961e-02 -8.593e-02 -8.260e-02 -8.074e-02 -7.964e-02 -6.711e-02
 -6.169e-02 -6.076e-02 -6.063e-02 -5.547e-02 -5.208e-02 -5.206e-02
 -4.937e-02 -4.856e-02 -4.808e-02 -4.410e-02 -4.157e-02 -3.908e-02
 -3.285e-02 -3.208e-02 -3.177e-02 -3.008e-02 -2.999e-02 -2.879e-02
 -2.818e-02 -2.723e-02 -2.458e-02 -2.408e-02 -2.110e-02 -1.854e-02
 -1.789e-02 -1.565e-02 -1.392e-02 -1.330e-02 -1.327e-02 -9.323e-03
 -8.790e-03 -5.997e-03 -5.614e-03 -4.468e-03 -3.276e-03 -2.359e-04
  5.958e-04  2.515e-03  5.286e-03  5.451e-03  6.537e-03  9.026e-03
  9.299e-03  1.305e-02  1.353e-02  1.498e-02  1.613e-02  1.628e-02
  1.731e-02  1.759e-02  1.900e-02  1.952e-02  2.074e-02  2.237e-02
  2.542e-02  2.745e-02  3.061e-02  3.308e-02  3.558e-02  3.563e-02
  3.599e-02  3.921e-02  4.115e-02  4.138e-02  4.270e-02  4.377e-02
  4.944e-02  5.049e-02  5.050e-02  5.172e-02  5.625e-02  5.798e-02
  6.523e-02  6.707e-02  6.903e-02  6.930e-02  7.629e-02  8.067e-02
  8.083e-02  8.149e-02  8.217e-02  8.237e-02  8.837e-02  8.916e-02
  9.007e-02  9.452e-02  9.927e-02  9.941e-02  1.009e-01  1.018e-01
  1.021e-01  1.022e-01  1.027e-01  1.041e-01  1.073e-01  1.077e-01
  1.080e-01  1.094e-01  1.106e-01  1.126e-01  1.163e-01  1.174e-01
  1.191e-01  1.192e-01  1.204e-01  1.245e-01  1.292e-01  1.307e-01
  1.331e-01  1.361e-01  1.365e-01  1.375e-01  1.377e-01  1.421e-01
  1.471e-01  1.491e-01  1.500e-01  1.500e-01  1.518e-01  1.560e-01
  1.574e-01  1.609e-01  1.617e-01  1.638e-01  1.645e-01  1.683e-01
  1.704e-01  1.704e-01  1.705e-01  1.714e-01  1.746e-01  1.780e-01
  1.792e-01  1.799e-01  1.821e-01  1.828e-01  1.832e-01  1.890e-01
  1.900e-01  1.910e-01  1.947e-01  1.958e-01  1.963e-01  1.997e-01
  2.011e-01  2.019e-01  2.048e-01  2.048e-01  2.055e-01  2.056e-01
  2.084e-01  2.085e-01  2.103e-01  2.130e-01  2.146e-01  2.190e-01
  2.203e-01  2.233e-01  2.272e-01  2.297e-01  2.458e-01  2.484e-01
  2.588e-01  2.604e-01  2.610e-01  2.654e-01  2.656e-01  2.662e-01
  2.670e-01  2.818e-01  2.863e-01  2.912e-01  2.927e-01  2.930e-01
  2.936e-01  2.955e-01  2.963e-01  2.994e-01  3.009e-01  3.015e-01
  3.022e-01  3.038e-01  3.046e-01  3.061e-01  3.074e-01  3.109e-01
  3.115e-01  3.119e-01  3.128e-01  3.131e-01  3.137e-01  3.140e-01]
quantizedVec=[-1051190 -1020759 -1018023 -1017794 -1014014 -1002005  -998850  -997362
  -989716  -979899  -966469  -956117  -954937  -954501  -953308  -949308
  -943252  -917115  -909135  -908341  -895388  -883626  -864281  -855304
  -855018  -853551  -848470  -842811  -834769  -833443  -830988  -826260
  -824930  -810437  -790565  -790254  -783284  -778907  -770085  -765644
  -763937  -747298  -742675  -735358  -729837  -724842  -713062  -707692
  -701524  -691650  -683044  -671226  -665064  -653415  -647007  -620244
  -613036  -609840  -607312  -574778  -567178  -563246  -553514  -550791
  -547193  -545313  -545096  -539443  -525786  -524724  -516260  -504168
  -472876  -448317  -441166  -433571  -428484  -426375  -423272  -420349
  -418354  -415786  -392498  -387204  -386430  -384753  -381964  -377430
  -365834  -363611  -341776  -339450  -334217  -330544  -326700  -326570
  -324656  -324265  -323892  -308502  -307859  -307169  -297880  -285643
  -274572  -268386  -264747  -223103  -205081  -201987  -201558  -184391
  -173119  -173070  -164135  -161432  -159830  -146597  -138194  -129912
  -109211  -106636  -105602   -99981   -99693   -95694   -93692   -90516
   -81722   -80057   -70142   -61628   -59465   -52008   -46263   -44201
   -44120   -30992   -29220   -19937   -18662   -14852   -10888     -784
     1980     8358    17572    18119    21731    30003    30912    43386
    44970    49794    53613    54120    57545    58468    63161    64873
    68953    74349    84505    91255   101748   109978   118290   118453
   119639   130351   136778   137574   141946   145495   164337   167854
   167883   171930   186978   192741   216850   222960   229488   230377
   253612   268177   268686   270903   273139   273837   293750   296378
   299430   314207   329994   330468   335389   338391   339422   339762
   341433   346001   356640   358120   359084   363650   367728   374440
   386665   390407   395794   396227   400211   414022   429466   434553
   442479   452445   453801   457110   457662   472471   488999   495496
   498715   498781   504611   518500   523321   534781   537421   544408
   546942   559428   566368   566443   566905   569864   580305   591619
   595803   597949   605468   607529   608882   628317   631644   635071
   647293   650984   652579   663972   668387   671017   680723   680742
   683141   683591   692869   693066   699189   708224   713392   727898
   732207   742156   755303   763535   817170   825839   860458   865699
   867664   882368   882839   885089   887731   936782   951793   967884
   973108   973899   976041   982160   984919   995238  1000434  1002418
  1004670  1009886  1012527  1017557  1022043  1033501  1035406  1036896
  1039903  1040906  1042704  1043913], scale=3.008169071058782e-07, z=0
dequantizedVec=[-3.162e-01 -3.071e-01 -3.062e-01 -3.062e-01 -3.050e-01 -3.014e-01
 -3.005e-01 -3.000e-01 -2.977e-01 -2.948e-01 -2.907e-01 -2.876e-01
 -2.873e-01 -2.871e-01 -2.868e-01 -2.856e-01 -2.837e-01 -2.759e-01
 -2.735e-01 -2.732e-01 -2.693e-01 -2.658e-01 -2.600e-01 -2.573e-01
 -2.572e-01 -2.568e-01 -2.552e-01 -2.535e-01 -2.511e-01 -2.507e-01
 -2.500e-01 -2.486e-01 -2.482e-01 -2.438e-01 -2.378e-01 -2.377e-01
 -2.356e-01 -2.343e-01 -2.317e-01 -2.303e-01 -2.298e-01 -2.248e-01
 -2.234e-01 -2.212e-01 -2.195e-01 -2.180e-01 -2.145e-01 -2.129e-01
 -2.110e-01 -2.081e-01 -2.055e-01 -2.019e-01 -2.001e-01 -1.966e-01
 -1.946e-01 -1.866e-01 -1.844e-01 -1.835e-01 -1.827e-01 -1.729e-01
 -1.706e-01 -1.694e-01 -1.665e-01 -1.657e-01 -1.646e-01 -1.640e-01
 -1.640e-01 -1.623e-01 -1.582e-01 -1.578e-01 -1.553e-01 -1.517e-01
 -1.422e-01 -1.349e-01 -1.327e-01 -1.304e-01 -1.289e-01 -1.283e-01
 -1.273e-01 -1.264e-01 -1.258e-01 -1.251e-01 -1.181e-01 -1.165e-01
 -1.162e-01 -1.157e-01 -1.149e-01 -1.135e-01 -1.100e-01 -1.094e-01
 -1.028e-01 -1.021e-01 -1.005e-01 -9.943e-02 -9.828e-02 -9.824e-02
 -9.766e-02 -9.754e-02 -9.743e-02 -9.280e-02 -9.261e-02 -9.240e-02
 -8.961e-02 -8.593e-02 -8.260e-02 -8.074e-02 -7.964e-02 -6.711e-02
 -6.169e-02 -6.076e-02 -6.063e-02 -5.547e-02 -5.208e-02 -5.206e-02
 -4.937e-02 -4.856e-02 -4.808e-02 -4.410e-02 -4.157e-02 -3.908e-02
 -3.285e-02 -3.208e-02 -3.177e-02 -3.008e-02 -2.999e-02 -2.879e-02
 -2.818e-02 -2.723e-02 -2.458e-02 -2.408e-02 -2.110e-02 -1.854e-02
 -1.789e-02 -1.564e-02 -1.392e-02 -1.330e-02 -1.327e-02 -9.323e-03
 -8.790e-03 -5.997e-03 -5.614e-03 -4.468e-03 -3.275e-03 -2.358e-04
  5.956e-04  2.514e-03  5.286e-03  5.451e-03  6.537e-03  9.025e-03
  9.299e-03  1.305e-02  1.353e-02  1.498e-02  1.613e-02  1.628e-02
  1.731e-02  1.759e-02  1.900e-02  1.951e-02  2.074e-02  2.237e-02
  2.542e-02  2.745e-02  3.061e-02  3.308e-02  3.558e-02  3.563e-02
  3.599e-02  3.921e-02  4.115e-02  4.138e-02  4.270e-02  4.377e-02
  4.944e-02  5.049e-02  5.050e-02  5.172e-02  5.625e-02  5.798e-02
  6.523e-02  6.707e-02  6.903e-02  6.930e-02  7.629e-02  8.067e-02
  8.083e-02  8.149e-02  8.216e-02  8.237e-02  8.836e-02  8.916e-02
  9.007e-02  9.452e-02  9.927e-02  9.941e-02  1.009e-01  1.018e-01
  1.021e-01  1.022e-01  1.027e-01  1.041e-01  1.073e-01  1.077e-01
  1.080e-01  1.094e-01  1.106e-01  1.126e-01  1.163e-01  1.174e-01
  1.191e-01  1.192e-01  1.204e-01  1.245e-01  1.292e-01  1.307e-01
  1.331e-01  1.361e-01  1.365e-01  1.375e-01  1.377e-01  1.421e-01
  1.471e-01  1.491e-01  1.500e-01  1.500e-01  1.518e-01  1.560e-01
  1.574e-01  1.609e-01  1.617e-01  1.638e-01  1.645e-01  1.683e-01
  1.704e-01  1.704e-01  1.705e-01  1.714e-01  1.746e-01  1.780e-01
  1.792e-01  1.799e-01  1.821e-01  1.828e-01  1.832e-01  1.890e-01
  1.900e-01  1.910e-01  1.947e-01  1.958e-01  1.963e-01  1.997e-01
  2.011e-01  2.019e-01  2.048e-01  2.048e-01  2.055e-01  2.056e-01
  2.084e-01  2.085e-01  2.103e-01  2.130e-01  2.146e-01  2.190e-01
  2.203e-01  2.233e-01  2.272e-01  2.297e-01  2.458e-01  2.484e-01
  2.588e-01  2.604e-01  2.610e-01  2.654e-01  2.656e-01  2.662e-01
  2.670e-01  2.818e-01  2.863e-01  2.912e-01  2.927e-01  2.930e-01
  2.936e-01  2.955e-01  2.963e-01  2.994e-01  3.009e-01  3.015e-01
  3.022e-01  3.038e-01  3.046e-01  3.061e-01  3.074e-01  3.109e-01
  3.115e-01  3.119e-01  3.128e-01  3.131e-01  3.137e-01  3.140e-01]
-------------------------------------------------------------------
Quantization Grid - Max: 1047552, Min: -1047552
Quantized Weights:
[-1.048e+06 -1.017e+06 -1.015e+06 -1.014e+06 -1.011e+06 -9.984e+05
 -9.953e+05 -9.943e+05 -9.861e+05 -9.769e+05 -9.636e+05 -9.523e+05
 -9.513e+05 -9.513e+05 -9.503e+05 -9.462e+05 -9.400e+05 -9.144e+05
 -9.062e+05 -9.052e+05 -8.919e+05 -8.806e+05 -8.612e+05 -8.520e+05
 -8.520e+05 -8.509e+05 -8.458e+05 -8.397e+05 -8.315e+05 -8.305e+05
 -8.284e+05 -8.233e+05 -8.223e+05 -8.079e+05 -7.875e+05 -7.875e+05
 -7.803e+05 -7.762e+05 -7.670e+05 -7.629e+05 -7.608e+05 -7.444e+05
 -7.404e+05 -7.332e+05 -7.270e+05 -7.219e+05 -7.107e+05 -7.055e+05
 -6.994e+05 -6.892e+05 -6.810e+05 -6.687e+05 -6.625e+05 -6.513e+05
 -6.451e+05 -6.185e+05 -6.113e+05 -6.072e+05 -6.052e+05 -5.724e+05
 -5.652e+05 -5.612e+05 -5.519e+05 -5.489e+05 -5.458e+05 -5.437e+05
 -5.427e+05 -5.376e+05 -5.243e+05 -5.233e+05 -5.140e+05 -5.028e+05
 -4.710e+05 -4.465e+05 -4.393e+05 -4.321e+05 -4.270e+05 -4.250e+05
 -4.219e+05 -4.188e+05 -4.168e+05 -4.147e+05 -3.912e+05 -3.860e+05
 -3.850e+05 -3.830e+05 -3.809e+05 -3.758e+05 -3.645e+05 -3.625e+05
 -3.410e+05 -3.379e+05 -3.328e+05 -3.297e+05 -3.256e+05 -3.256e+05
 -3.236e+05 -3.236e+05 -3.226e+05 -3.072e+05 -3.072e+05 -3.062e+05
 -2.970e+05 -2.847e+05 -2.734e+05 -2.673e+05 -2.642e+05 -2.222e+05
 -2.043e+05 -2.012e+05 -2.007e+05 -1.838e+05 -1.725e+05 -1.725e+05
 -1.633e+05 -1.608e+05 -1.592e+05 -1.459e+05 -1.377e+05 -1.295e+05
 -1.091e+05 -1.065e+05 -1.055e+05 -9.984e+04 -9.933e+04 -9.523e+04
 -9.318e+04 -9.011e+04 -8.141e+04 -7.987e+04 -7.014e+04 -6.144e+04
 -5.914e+04 -5.171e+04 -4.608e+04 -4.403e+04 -4.403e+04 -3.085e+04
 -2.906e+04 -1.984e+04 -1.856e+04 -1.478e+04 -1.088e+04 -7.840e+02
  1.968e+03  8.320e+03  1.754e+04  1.805e+04  2.163e+04  2.995e+04
  3.085e+04  4.326e+04  4.480e+04  4.966e+04  5.350e+04  5.402e+04
  5.734e+04  5.837e+04  6.298e+04  6.477e+04  6.861e+04  7.424e+04
  8.397e+04  9.114e+04  1.014e+05  1.096e+05  1.178e+05  1.183e+05
  1.193e+05  1.300e+05  1.362e+05  1.372e+05  1.413e+05  1.449e+05
  1.638e+05  1.674e+05  1.674e+05  1.715e+05  1.864e+05  1.920e+05
  2.161e+05  2.222e+05  2.289e+05  2.294e+05  2.529e+05  2.673e+05
  2.673e+05  2.703e+05  2.724e+05  2.724e+05  2.929e+05  2.949e+05
  2.980e+05  3.133e+05  3.287e+05  3.297e+05  3.338e+05  3.369e+05
  3.379e+05  3.389e+05  3.400e+05  3.451e+05  3.553e+05  3.574e+05
  3.574e+05  3.625e+05  3.666e+05  3.727e+05  3.850e+05  3.891e+05
  3.942e+05  3.953e+05  3.983e+05  4.127e+05  4.280e+05  4.332e+05
  4.413e+05  4.506e+05  4.526e+05  4.557e+05  4.557e+05  4.710e+05
  4.874e+05  4.936e+05  4.966e+05  4.966e+05  5.028e+05  5.171e+05
  5.212e+05  5.325e+05  5.356e+05  5.427e+05  5.448e+05  5.571e+05
  5.642e+05  5.642e+05  5.652e+05  5.683e+05  5.786e+05  5.898e+05
  5.939e+05  5.960e+05  6.031e+05  6.052e+05  6.072e+05  6.257e+05
  6.298e+05  6.328e+05  6.451e+05  6.492e+05  6.502e+05  6.615e+05
  6.656e+05  6.687e+05  6.779e+05  6.779e+05  6.810e+05  6.810e+05
  6.902e+05  6.902e+05  6.963e+05  7.055e+05  7.107e+05  7.250e+05
  7.301e+05  7.393e+05  7.526e+05  7.608e+05  8.141e+05  8.233e+05
  8.571e+05  8.622e+05  8.643e+05  8.796e+05  8.796e+05  8.817e+05
  8.847e+05  9.339e+05  9.482e+05  9.646e+05  9.697e+05  9.708e+05
  9.728e+05  9.789e+05  9.820e+05  9.923e+05  9.974e+05  9.994e+05
  1.001e+06  1.007e+06  1.009e+06  1.014e+06  1.019e+06  1.030e+06
  1.032e+06  1.033e+06  1.036e+06  1.037e+06  1.039e+06  1.040e+06]
Original Output: [-450.55  -384.209 -349.175 -316.259 -307.719 -306.497 -291.279 -232.545
 -192.916 -186.333 -166.808 -160.189 -155.015 -110.433 -101.48   -88.565
  -50.666  -27.11    -1.682    7.139   19.725   44.709   52.167   93.732
  156.938  228.665  383.645  398.517  411.839  494.148]
Quantized Output: [-1.564e+12 -1.333e+12 -1.210e+12 -1.099e+12 -1.067e+12 -1.063e+12
 -1.011e+12 -8.065e+11 -6.707e+11 -6.458e+11 -5.805e+11 -5.551e+11
 -5.381e+11 -3.830e+11 -3.525e+11 -3.084e+11 -1.760e+11 -9.332e+10
 -5.740e+09  2.508e+10  6.935e+10  1.541e+11  1.802e+11  3.267e+11
  5.440e+11  7.941e+11  1.331e+12  1.383e+12  1.429e+12  1.714e+12]
Dequantized Output: [-450.581 -383.979 -348.642 -316.591 -307.588 -306.425 -291.432 -232.399
 -193.279 -186.093 -167.269 -159.948 -155.059 -110.367 -101.576  -88.882
  -50.723  -26.89    -1.654    7.228   19.984   44.397   51.926   94.15
  156.755  228.818  383.601  398.489  411.68   494.018]
🔹 Maximum difference: 0.5327730304884426
🔹 Minimum difference: 0.02757364039976773
🔹 Relative error (for each element): [4.260e-04 1.503e-03 6.713e-04 5.992e-04 5.256e-04 1.640e-02 1.129e-03
 7.075e-05 6.981e-03 4.621e-03 1.129e-04 1.526e-03 1.317e-02 1.288e-03
 1.882e-03 8.113e-03 1.165e-03 2.332e-04 5.988e-04 6.266e-04 3.582e-03
 2.631e-04 1.247e-02 2.765e-03 2.789e-04 3.870e-04 9.429e-04 4.458e-03
 6.840e-05 1.050e-03]
🔹 Mean relative error: 0.002930019257987699
🔹 Mean absolute error: 0.1925332446402704

Process finished with exit code 0
