C:\Users\97253\AppData\Local\Programs\Python\Python311\python.exe "C:\Users\97253\OneDrive\שולחן העבודה\final project\Sketches-main\src\Quntize_one_layer_vector.py" 
Original Weights:
[-0.316 -0.315 -0.314 -0.311 -0.31  -0.31  -0.31  -0.31  -0.308 -0.307
 -0.307 -0.304 -0.298 -0.296 -0.295 -0.293 -0.293 -0.293 -0.29  -0.289
 -0.287 -0.278 -0.277 -0.276 -0.275 -0.272 -0.272 -0.269 -0.268 -0.267
 -0.265 -0.264 -0.264 -0.263 -0.257 -0.256 -0.253 -0.251 -0.244 -0.243
 -0.233 -0.23  -0.23  -0.229 -0.229 -0.228 -0.227 -0.226 -0.219 -0.219
 -0.216 -0.216 -0.216 -0.211 -0.208 -0.203 -0.203 -0.201 -0.197 -0.196
 -0.195 -0.193 -0.19  -0.188 -0.187 -0.187 -0.186 -0.185 -0.185 -0.183
 -0.183 -0.182 -0.181 -0.18  -0.18  -0.179 -0.177 -0.176 -0.175 -0.174
 -0.171 -0.169 -0.167 -0.164 -0.163 -0.162 -0.16  -0.16  -0.159 -0.159
 -0.154 -0.144 -0.14  -0.138 -0.136 -0.135 -0.135 -0.133 -0.132 -0.127
 -0.126 -0.124 -0.118 -0.116 -0.116 -0.115 -0.112 -0.11  -0.109 -0.104
 -0.104 -0.1   -0.1   -0.098 -0.095 -0.093 -0.091 -0.091 -0.09  -0.088
 -0.087 -0.084 -0.083 -0.082 -0.081 -0.079 -0.077 -0.076 -0.074 -0.073
 -0.068 -0.068 -0.067 -0.067 -0.061 -0.06  -0.054 -0.052 -0.05  -0.049
 -0.049 -0.047 -0.046 -0.044 -0.039 -0.03  -0.029 -0.029 -0.028 -0.026
 -0.024 -0.023 -0.021 -0.015 -0.014 -0.012 -0.011 -0.008 -0.007 -0.005
 -0.005 -0.004  0.007  0.007  0.011  0.012  0.012  0.016  0.021  0.031
  0.032  0.032  0.033  0.04   0.042  0.045  0.047  0.048  0.055  0.057
  0.058  0.062  0.065  0.065  0.066  0.071  0.071  0.072  0.075  0.075
  0.076  0.078  0.079  0.079  0.085  0.085  0.085  0.086  0.088  0.091
  0.097  0.097  0.1    0.1    0.103  0.103  0.108  0.115  0.119  0.119
  0.119  0.122  0.124  0.125  0.127  0.13   0.131  0.137  0.137  0.14
  0.146  0.146  0.148  0.149  0.158  0.162  0.163  0.171  0.175  0.179
  0.181  0.182  0.183  0.187  0.188  0.19   0.191  0.192  0.192  0.195
  0.195  0.199  0.201  0.202  0.204  0.206  0.207  0.211  0.212  0.213
  0.221  0.226  0.227  0.231  0.234  0.239  0.24   0.243  0.243  0.243
  0.245  0.248  0.251  0.253  0.254  0.256  0.258  0.26   0.26   0.264
  0.265  0.266  0.266  0.267  0.267  0.268  0.272  0.273  0.274  0.275
  0.276  0.277  0.279  0.28   0.283  0.287  0.288  0.289  0.29   0.293
  0.297  0.297  0.297  0.298  0.302  0.303  0.308  0.314  0.315  0.315]
quantizedVec=[-4198147 -4192195 -4177878 -4132572 -4128329 -4126087 -4122867 -4121417
 -4101977 -4088170 -4082619 -4046022 -3961208 -3932408 -3929865 -3901498
 -3897958 -3896195 -3857242 -3846048 -3814550 -3696411 -3682816 -3666424
 -3656486 -3622325 -3614282 -3573249 -3567125 -3552149 -3525974 -3513751
 -3507252 -3498578 -3424220 -3404846 -3359690 -3344110 -3249160 -3229531
 -3097454 -3061733 -3055964 -3041445 -3040354 -3028092 -3013979 -3011320
 -2917591 -2913036 -2879659 -2876018 -2874385 -2802159 -2761066 -2701583
 -2698806 -2679316 -2622484 -2613661 -2596508 -2565089 -2524341 -2507518
 -2487630 -2482016 -2481220 -2464769 -2463240 -2435591 -2434521 -2416798
 -2405864 -2394305 -2389961 -2385393 -2353900 -2342823 -2325534 -2320372
 -2268680 -2254385 -2221689 -2187829 -2165916 -2153789 -2132631 -2131052
 -2119590 -2109506 -2045596 -1915335 -1867830 -1833023 -1805609 -1802680
 -1798690 -1770804 -1754660 -1685773 -1681590 -1645688 -1575052 -1545581
 -1543389 -1533756 -1486276 -1465587 -1456215 -1390152 -1388767 -1331531
 -1329157 -1302572 -1264483 -1237997 -1204614 -1204519 -1197135 -1169294
 -1153007 -1120262 -1100465 -1085311 -1077216 -1053736 -1019464 -1013411
  -983878  -967567  -903485  -899346  -896185  -888139  -813876  -801495
  -712986  -688448  -669735  -651765  -647479  -621092  -611011  -584703
  -517149  -398496  -387644  -387028  -374775  -350781  -317396  -306462
  -279616  -201341  -185346  -155306  -146315  -105108   -96618   -65807
   -62370   -56623    94038    94734   146873   163882   165577   206367
   277158   415411   428695   428756   440985   529963   557508   601336
   628111   635080   737229   758077   767169   828445   863255   865822
   878833   941263   941450   961312   993486  1000099  1013107  1032107
  1046792  1053711  1128370  1128534  1130087  1145458  1172796  1213339
  1284271  1284289  1330752  1331266  1366796  1371775  1433955  1531160
  1580738  1581280  1586690  1626203  1644553  1669178  1685666  1729369
  1743138  1820239  1828045  1865656  1941731  1943190  1968885  1982064
  2105441  2157457  2164053  2279764  2329739  2382101  2408215  2424464
  2439506  2484325  2500809  2528264  2536167  2556658  2558984  2588645
  2590645  2644018  2679284  2685515  2715613  2742974  2756151  2801367
  2822288  2835497  2939986  3000691  3022202  3073798  3108341  3179940
  3190896  3228324  3233964  3239507  3264321  3295475  3338770  3367398
  3379193  3407112  3435248  3454562  3461707  3516114  3531744  3534613
  3540825  3546076  3547399  3562834  3623387  3634015  3640987  3660129
  3672488  3688773  3707157  3719244  3768931  3815750  3834967  3849305
  3860760  3898382  3948970  3952423  3952872  3961237  4012350  4031245
  4102566  4180530  4184608  4188412], scale=7.51574190563189e-08, z=0
dequantizedVec=[-0.316 -0.315 -0.314 -0.311 -0.31  -0.31  -0.31  -0.31  -0.308 -0.307
 -0.307 -0.304 -0.298 -0.296 -0.295 -0.293 -0.293 -0.293 -0.29  -0.289
 -0.287 -0.278 -0.277 -0.276 -0.275 -0.272 -0.272 -0.269 -0.268 -0.267
 -0.265 -0.264 -0.264 -0.263 -0.257 -0.256 -0.253 -0.251 -0.244 -0.243
 -0.233 -0.23  -0.23  -0.229 -0.229 -0.228 -0.227 -0.226 -0.219 -0.219
 -0.216 -0.216 -0.216 -0.211 -0.208 -0.203 -0.203 -0.201 -0.197 -0.196
 -0.195 -0.193 -0.19  -0.188 -0.187 -0.187 -0.186 -0.185 -0.185 -0.183
 -0.183 -0.182 -0.181 -0.18  -0.18  -0.179 -0.177 -0.176 -0.175 -0.174
 -0.171 -0.169 -0.167 -0.164 -0.163 -0.162 -0.16  -0.16  -0.159 -0.159
 -0.154 -0.144 -0.14  -0.138 -0.136 -0.135 -0.135 -0.133 -0.132 -0.127
 -0.126 -0.124 -0.118 -0.116 -0.116 -0.115 -0.112 -0.11  -0.109 -0.104
 -0.104 -0.1   -0.1   -0.098 -0.095 -0.093 -0.091 -0.091 -0.09  -0.088
 -0.087 -0.084 -0.083 -0.082 -0.081 -0.079 -0.077 -0.076 -0.074 -0.073
 -0.068 -0.068 -0.067 -0.067 -0.061 -0.06  -0.054 -0.052 -0.05  -0.049
 -0.049 -0.047 -0.046 -0.044 -0.039 -0.03  -0.029 -0.029 -0.028 -0.026
 -0.024 -0.023 -0.021 -0.015 -0.014 -0.012 -0.011 -0.008 -0.007 -0.005
 -0.005 -0.004  0.007  0.007  0.011  0.012  0.012  0.016  0.021  0.031
  0.032  0.032  0.033  0.04   0.042  0.045  0.047  0.048  0.055  0.057
  0.058  0.062  0.065  0.065  0.066  0.071  0.071  0.072  0.075  0.075
  0.076  0.078  0.079  0.079  0.085  0.085  0.085  0.086  0.088  0.091
  0.097  0.097  0.1    0.1    0.103  0.103  0.108  0.115  0.119  0.119
  0.119  0.122  0.124  0.125  0.127  0.13   0.131  0.137  0.137  0.14
  0.146  0.146  0.148  0.149  0.158  0.162  0.163  0.171  0.175  0.179
  0.181  0.182  0.183  0.187  0.188  0.19   0.191  0.192  0.192  0.195
  0.195  0.199  0.201  0.202  0.204  0.206  0.207  0.211  0.212  0.213
  0.221  0.226  0.227  0.231  0.234  0.239  0.24   0.243  0.243  0.243
  0.245  0.248  0.251  0.253  0.254  0.256  0.258  0.26   0.26   0.264
  0.265  0.266  0.266  0.267  0.267  0.268  0.272  0.273  0.274  0.275
  0.276  0.277  0.279  0.28   0.283  0.287  0.288  0.289  0.29   0.293
  0.297  0.297  0.297  0.298  0.302  0.303  0.308  0.314  0.315  0.315]
-------------------------------------------------------------------
Quantization Grid - Max: 4193280, Min: -4193280
Quantized Weights:
[-4193280. -4193280. -4193280. -4193280. -4188160. -4186112. -4183040.
 -4180992. -4161536. -4148224. -4142080. -4105216. -4019200. -3989504.
 -3987456. -3958784. -3954688. -3952640. -3913728. -3902464. -3869696.
 -3749888. -3736576. -3720192. -3709952. -3675136. -3666944. -3624960.
 -3618816. -3603456. -3577856. -3564544. -3558400. -3549184. -3474432.
 -3454976. -3408896. -3392512. -3296256. -3276800. -3142656. -3106816.
 -3100672. -3085312. -3084288. -3072000. -3057664. -3055616. -2960384.
 -2955264. -2921472. -2918400. -2916352. -2842624. -2801664. -2741248.
 -2738176. -2718720. -2660352. -2652160. -2634752. -2601984. -2561024.
 -2543616. -2524160. -2518016. -2516992. -2500608. -2499584. -2470912.
 -2469888. -2452480. -2441216. -2428928. -2424832. -2419712. -2387968.
 -2376704. -2359296. -2354176. -2301952. -2287616. -2253824. -2220032.
 -2197504. -2185216. -2163712. -2161664. -2150400. -2140160. -2075648.
 -1943552. -1895424. -1859584. -1831936. -1828864. -1824768. -1797120.
 -1780736. -1710080. -1705984. -1670144. -1598464. -1567744. -1565696.
 -1556480. -1508352. -1486848. -1477632. -1410048. -1409024. -1350656.
 -1348608. -1321984. -1283072. -1256448. -1222656. -1221632. -1214464.
 -1186816. -1169408. -1136640. -1116160. -1100800. -1092608. -1069056.
 -1034240. -1028096.  -998400.  -981504.  -916480.  -912384.  -909312.
  -901120.  -825856.  -813056.  -723456.  -698368.  -679424.  -661504.
  -656896.  -630272.  -620032.  -593408.  -524800.  -404480.  -393216.
  -392704.  -380416.  -355840.  -322048.  -310784.  -283648.  -204288.
  -188160.  -157696.  -148480.  -106624.   -98048.   -66816.   -63296.
   -57472.    95360.    96128.   148992.   166144.   167936.   209408.
   281088.   421376.   435200.   435200.   447488.   537600.   565760.
   610304.   637440.   644096.   748032.   769024.   778240.   840704.
   876032.   878592.   891392.   954880.   955392.   975360.  1008128.
  1014784.  1028096.  1047040.  1061888.  1069056.  1144832.  1144832.
  1146880.  1162240.  1189888.  1230848.  1302528.  1302528.  1350656.
  1350656.  1386496.  1391616.  1455104.  1553408.  1603584.  1604608.
  1609728.  1649664.  1668096.  1693696.  1710080.  1754112.  1768448.
  1846272.  1854464.  1892352.  1970176.  1971200.  1997824.  2011136.
  2136064.  2189312.  2195456.  2313216.  2363392.  2416640.  2443264.
  2459648.  2475008.  2520064.  2537472.  2565120.  2573312.  2593792.
  2595840.  2626560.  2628608.  2682880.  2718720.  2724864.  2755584.
  2783232.  2796544.  2842624.  2863104.  2876416.  2982912.  3044352.
  3065856.  3119104.  3153920.  3226624.  3237888.  3275776.  3280896.
  3287040.  3311616.  3343360.  3387392.  3416064.  3428352.  3457024.
  3485696.  3505152.  3512320.  3567616.  3582976.  3586048.  3592192.
  3597312.  3599360.  3614720.  3676160.  3687424.  3693568.  3713024.
  3726336.  3742720.  3761152.  3773440.  3823616.  3871744.  3891200.
  3905536.  3916800.  3955712.  4006912.  4009984.  4011008.  4019200.
  4070400.  4089856.  4162560.  4163584.  4163584.  4163584.]
Original Output: [-5.766e+02 -4.934e+02 -3.728e+02 -3.540e+02 -3.200e+02 -3.028e+02
 -2.681e+02 -2.541e+02 -1.510e+02 -1.369e+02 -1.189e+02 -1.182e+02
 -8.777e+01 -8.602e+01 -6.528e+01 -3.741e+01 -3.034e+01 -5.280e+00
  4.901e-01  1.607e+01  4.975e+01  9.374e+01  1.055e+02  1.296e+02
  1.379e+02  2.128e+02  3.208e+02  5.143e+02  5.499e+02  6.072e+02]
Quantized Output: [-3.263e+13 -2.792e+13 -2.108e+13 -2.003e+13 -1.811e+13 -1.715e+13
 -1.519e+13 -1.437e+13 -8.533e+12 -7.740e+12 -6.729e+12 -6.697e+12
 -4.962e+12 -4.885e+12 -3.705e+12 -2.100e+12 -1.708e+12 -2.859e+11
  3.244e+10  9.220e+11  2.803e+12  5.299e+12  5.956e+12  7.331e+12
  7.796e+12  1.205e+13  1.816e+13  2.911e+13  3.113e+13  3.405e+13]
Dequantized Output: [-5.765e+02 -4.932e+02 -3.725e+02 -3.539e+02 -3.200e+02 -3.029e+02
 -2.683e+02 -2.538e+02 -1.507e+02 -1.367e+02 -1.189e+02 -1.183e+02
 -8.766e+01 -8.630e+01 -6.545e+01 -3.710e+01 -3.018e+01 -5.050e+00
  5.731e-01  1.629e+01  4.952e+01  9.361e+01  1.052e+02  1.295e+02
  1.377e+02  2.129e+02  3.208e+02  5.143e+02  5.499e+02  6.016e+02]
🔹 Maximum difference: 5.585242575804273
🔹 Minimum difference: 0.006319202725535433
🔹 Relative error (for each element): [3.311e-04 3.449e-05 4.343e-02 1.651e-03 9.375e-04 1.300e-04 1.380e-02
 1.643e-03 1.150e-03 1.035e-03 5.341e-03 1.383e-03 2.754e-03 9.199e-03
 8.212e-03 2.812e-04 5.155e-04 4.502e-03 8.101e-04 3.305e-03 3.788e-04
 8.353e-04 1.230e-03 2.136e-04 8.861e-04 2.468e-04 2.651e-03 1.694e-01
 1.229e-05 2.561e-05]
🔹 Mean relative error: 0.00920936847606563
🔹 Mean absolute error: 0.3400491592308368

Process finished with exit code 0
