C:\Users\97253\AppData\Local\Programs\Python\Python311\python.exe "C:\Users\97253\OneDrive\שולחן העבודה\final project\Sketches-main\src\Quntize_one_layer_vector.py" 
original x:tensor([ 6.5657e-01,  2.0000e+00,  1.0000e+03, -4.0000e+00, -5.0000e-01,
         6.1100e+00,  7.0000e+00,  8.0000e+00, -1.0000e+03,  4.5000e-01])
Original Weights:
[-0.315 -0.308 -0.307 -0.307 -0.306 -0.305 -0.297 -0.292 -0.291 -0.284
 -0.282 -0.281 -0.28  -0.28  -0.279 -0.278 -0.277 -0.276 -0.27  -0.268
 -0.266 -0.262 -0.262 -0.261 -0.246 -0.243 -0.24  -0.239 -0.239 -0.235
 -0.233 -0.229 -0.226 -0.225 -0.225 -0.222 -0.22  -0.213 -0.212 -0.212
 -0.202 -0.201 -0.2   -0.198 -0.198 -0.196 -0.194 -0.192 -0.191 -0.19
 -0.186 -0.186 -0.185 -0.181 -0.181 -0.18  -0.18  -0.177 -0.172 -0.169
 -0.168 -0.168 -0.167 -0.162 -0.161 -0.161 -0.157 -0.156 -0.155 -0.148
 -0.142 -0.142 -0.141 -0.14  -0.139 -0.129 -0.126 -0.125 -0.125 -0.122
 -0.119 -0.115 -0.114 -0.113 -0.113 -0.113 -0.11  -0.11  -0.11  -0.109
 -0.108 -0.107 -0.106 -0.104 -0.102 -0.1   -0.096 -0.096 -0.092 -0.091
 -0.088 -0.076 -0.07  -0.066 -0.065 -0.061 -0.058 -0.054 -0.054 -0.053
 -0.053 -0.048 -0.043 -0.043 -0.036 -0.035 -0.034 -0.033 -0.029 -0.027
 -0.023 -0.02  -0.016 -0.016 -0.013 -0.011 -0.009 -0.008 -0.004  0.001
  0.003  0.005  0.005  0.005  0.006  0.006  0.009  0.014  0.014  0.017
  0.021  0.021  0.022  0.023  0.023  0.024  0.027  0.028  0.031  0.033
  0.036  0.038  0.038  0.043  0.051  0.052  0.053  0.059  0.06   0.061
  0.064  0.064  0.067  0.068  0.069  0.07   0.071  0.072  0.073  0.073
  0.073  0.073  0.073  0.075  0.077  0.081  0.082  0.083  0.084  0.084
  0.089  0.09   0.094  0.096  0.097  0.098  0.099  0.1    0.101  0.103
  0.103  0.104  0.105  0.106  0.108  0.11   0.11   0.112  0.112  0.114
  0.118  0.118  0.121  0.121  0.122  0.126  0.127  0.127  0.132  0.132
  0.135  0.136  0.141  0.144  0.146  0.15   0.153  0.157  0.159  0.159
  0.163  0.163  0.164  0.164  0.17   0.172  0.172  0.176  0.179  0.179
  0.181  0.182  0.188  0.188  0.193  0.194  0.198  0.2    0.2    0.202
  0.203  0.207  0.207  0.207  0.207  0.208  0.21   0.211  0.213  0.216
  0.22   0.22   0.223  0.23   0.231  0.234  0.235  0.235  0.236  0.237
  0.24   0.243  0.244  0.244  0.249  0.251  0.251  0.255  0.258  0.258
  0.259  0.263  0.266  0.267  0.267  0.269  0.269  0.269  0.271  0.272
  0.277  0.28   0.281  0.282  0.282  0.284  0.288  0.29   0.292  0.292
  0.293  0.297  0.298  0.3    0.304  0.307  0.309  0.312  0.313  0.315]
quantizedVec=[-510 -499 -498 -498 -495 -494 -480 -473 -471 -460 -456 -455 -454 -453
 -452 -449 -448 -446 -438 -434 -430 -424 -423 -422 -399 -394 -388 -386
 -386 -380 -377 -370 -366 -365 -363 -360 -356 -344 -343 -342 -326 -325
 -323 -320 -320 -318 -313 -311 -308 -308 -300 -300 -300 -293 -292 -292
 -291 -286 -278 -273 -272 -271 -270 -263 -260 -260 -254 -252 -250 -240
 -230 -229 -228 -226 -226 -208 -204 -202 -201 -197 -193 -185 -183 -183
 -183 -182 -178 -178 -178 -176 -175 -174 -172 -168 -165 -162 -155 -155
 -148 -147 -142 -122 -114 -106 -105  -98  -94  -87  -87  -85  -85  -77
  -70  -70  -58  -56  -54  -53  -47  -43  -37  -31  -26  -25  -20  -17
  -15  -13   -6    1    4    7    8    8    9    9   14   22   22   28
   33   33   36   36   37   38   43   45   49   53   58   60   61   70
   81   84   85   95   97   99  103  103  109  109  111  114  114  116
  117  118  118  118  118  121  124  131  132  135  135  136  144  145
  151  155  157  158  160  162  163  166  166  168  169  171  174  177
  178  181  181  184  190  191  195  196  197  203  205  205  213  214
  218  220  228  233  236  242  247  254  258  258  263  263  265  265
  275  278  279  284  289  290  293  295  304  304  312  313  321  323
  324  327  328  334  335  335  335  337  340  341  345  349  356  356
  361  373  374  379  380  380  382  384  389  393  394  395  403  406
  407  412  417  418  419  426  430  431  432  436  436  436  439  441
  448  453  454  457  457  460  466  470  472  473  475  480  483  485
  493  497  501  506  507  511], scale=0.0006171650382637277, z=0
dequantizedVec=[-0.315 -0.308 -0.307 -0.307 -0.305 -0.305 -0.296 -0.292 -0.291 -0.284
 -0.281 -0.281 -0.28  -0.28  -0.279 -0.277 -0.276 -0.275 -0.27  -0.268
 -0.265 -0.262 -0.261 -0.26  -0.246 -0.243 -0.239 -0.238 -0.238 -0.235
 -0.233 -0.228 -0.226 -0.225 -0.224 -0.222 -0.22  -0.212 -0.212 -0.211
 -0.201 -0.201 -0.199 -0.197 -0.197 -0.196 -0.193 -0.192 -0.19  -0.19
 -0.185 -0.185 -0.185 -0.181 -0.18  -0.18  -0.18  -0.177 -0.172 -0.168
 -0.168 -0.167 -0.167 -0.162 -0.16  -0.16  -0.157 -0.156 -0.154 -0.148
 -0.142 -0.141 -0.141 -0.139 -0.139 -0.128 -0.126 -0.125 -0.124 -0.122
 -0.119 -0.114 -0.113 -0.113 -0.113 -0.112 -0.11  -0.11  -0.11  -0.109
 -0.108 -0.107 -0.106 -0.104 -0.102 -0.1   -0.096 -0.096 -0.091 -0.091
 -0.088 -0.075 -0.07  -0.065 -0.065 -0.06  -0.058 -0.054 -0.054 -0.052
 -0.052 -0.048 -0.043 -0.043 -0.036 -0.035 -0.033 -0.033 -0.029 -0.027
 -0.023 -0.019 -0.016 -0.015 -0.012 -0.01  -0.009 -0.008 -0.004  0.001
  0.002  0.004  0.005  0.005  0.006  0.006  0.009  0.014  0.014  0.017
  0.02   0.02   0.022  0.022  0.023  0.023  0.027  0.028  0.03   0.033
  0.036  0.037  0.038  0.043  0.05   0.052  0.052  0.059  0.06   0.061
  0.064  0.064  0.067  0.067  0.069  0.07   0.07   0.072  0.072  0.073
  0.073  0.073  0.073  0.075  0.077  0.081  0.081  0.083  0.083  0.084
  0.089  0.089  0.093  0.096  0.097  0.098  0.099  0.1    0.101  0.102
  0.102  0.104  0.104  0.106  0.107  0.109  0.11   0.112  0.112  0.114
  0.117  0.118  0.12   0.121  0.122  0.125  0.127  0.127  0.131  0.132
  0.135  0.136  0.141  0.144  0.146  0.149  0.152  0.157  0.159  0.159
  0.162  0.162  0.164  0.164  0.17   0.172  0.172  0.175  0.178  0.179
  0.181  0.182  0.188  0.188  0.193  0.193  0.198  0.199  0.2    0.202
  0.202  0.206  0.207  0.207  0.207  0.208  0.21   0.21   0.213  0.215
  0.22   0.22   0.223  0.23   0.231  0.234  0.235  0.235  0.236  0.237
  0.24   0.243  0.243  0.244  0.249  0.251  0.251  0.254  0.257  0.258
  0.259  0.263  0.265  0.266  0.267  0.269  0.269  0.269  0.271  0.272
  0.276  0.28   0.28   0.282  0.282  0.284  0.288  0.29   0.291  0.292
  0.293  0.296  0.298  0.299  0.304  0.307  0.309  0.312  0.313  0.315]
-------------------------------------------------------------------
Quantization Grid - Max: 511, Min: -511
Quantized Weights:
[-511. -500. -498. -498. -495. -495. -481. -473. -471. -460. -457. -455.
 -454. -454. -453. -450. -448. -446. -438. -435. -431. -424. -424. -423.
 -399. -394. -388. -387. -387. -380. -377. -371. -366. -365. -364. -360.
 -357. -344. -343. -343. -327. -325. -324. -320. -320. -318. -314. -311.
 -309. -309. -301. -301. -300. -294. -293. -292. -291. -286. -279. -274.
 -273. -272. -270. -263. -261. -261. -255. -252. -251. -241. -230. -229.
 -228. -226. -226. -209. -205. -202. -202. -197. -193. -186. -184. -184.
 -183. -182. -179. -179. -178. -176. -175. -174. -173. -169. -166. -162.
 -155. -155. -149. -147. -143. -123. -114. -107. -106.  -98.  -94.  -88.
  -88.  -86.  -86.  -77.  -70.  -70.  -59.  -57.  -55.  -54.  -47.  -43.
  -37.  -32.  -26.  -26.  -21.  -17.  -15.  -13.   -7.    1.    5.    7.
    8.    9.   10.   10.   14.   22.   23.   28.   34.   34.   36.   37.
   37.   39.   43.   46.   50.   54.   58.   61.   62.   70.   82.   84.
   86.   96.   97.   99.  104.  104.  109.  109.  112.  114.  115.  117.
  118.  118.  119.  119.  119.  121.  125.  131.  132.  135.  136.  137.
  145.  146.  152.  156.  157.  158.  161.  162.  163.  166.  166.  169.
  169.  172.  174.  178.  179.  181.  182.  184.  191.  191.  196.  196.
  197.  204.  206.  206.  213.  215.  219.  220.  229.  233.  236.  242.
  248.  255.  258.  258.  263.  264.  265.  265.  275.  279.  279.  285.
  290.  291.  294.  295.  304.  304.  313.  314.  321.  324.  324.  327.
  329.  335.  335.  336.  336.  337.  341.  342.  345.  349.  356.  357.
  362.  373.  374.  379.  380.  381.  382.  385.  390.  393.  395.  396.
  403.  406.  407.  413.  418.  418.  419.  427.  431.  432.  432.  436.
  436.  436.  439.  441.  448.  454.  455.  457.  457.  461.  466.  470.
  473.  473.  475.  481.  483.  486.  493.  498.  501.  506.  507.  511.]
Original Output: [-483.05  -437.089 -435.829 -299.417 -273.157 -260.526 -208.298 -169.2
 -148.485 -134.346 -122.174  -86.933  -79.465  -12.136   16.08    21.666
   53.726  100.417  102.329  103.287  103.431  105.448  134.035  149.
  168.365  169.754  181.654  191.618  292.521  366.756]
Quantized Output: [-400085.719 -361452.094 -361111.719 -248027.719 -226228.125 -215957.969
 -172539.906 -140273.812 -122397.312 -111225.773 -100855.984  -72198.883
  -66063.812  -10098.938   13025.833   17739.023   44649.875   82961.219
   84373.297   85328.305   86356.766   86913.281  110882.148  123349.148
  139743.828  140736.781  150397.734  158692.812  242340.906  303136.969]
Dequantized Output: [-483.248 -436.584 -436.173 -299.583 -273.252 -260.847 -208.404 -169.431
 -147.839 -134.345 -121.82   -87.206  -79.796  -12.198   15.733   21.426
   53.931  100.206  101.911  103.065  104.307  104.979  133.93   148.989
  168.791  169.991  181.66   191.679  292.714  366.147]
🔹 Maximum difference: 0.8758541069497312
🔹 Minimum difference: 0.0005851223328647848
🔹 Relative error (for each element): [3.502e-04 4.100e-04 1.108e-02 7.806e-04 1.395e-03 3.183e-05 4.355e-06
 3.806e-03 6.599e-04 4.349e-03 2.530e-03 5.133e-03 5.081e-04 4.166e-03
 2.151e-03 1.370e-03 4.080e-03 4.445e-03 3.167e-04 1.660e-03 1.232e-03
 2.154e-02 1.154e-03 5.546e-04 7.897e-04 2.898e-03 2.107e-03 8.468e-03
 7.683e-05 3.140e-03]
🔹 Mean relative error: 0.003039338505573669
🔹 Mean absolute error: 0.275590132246418

Process finished with exit code 0
