C:\Users\97253\AppData\Local\Programs\Python\Python311\python.exe "C:\Users\97253\OneDrive\שולחן העבודה\final project\Sketches-main\src\Quntize_one_layer_vector.py" 
Original Weights:
[-0.313 -0.311 -0.311 -0.31  -0.308 -0.305 -0.294 -0.292 -0.289 -0.286
 -0.283 -0.276 -0.276 -0.274 -0.27  -0.266 -0.263 -0.263 -0.262 -0.261
 -0.261 -0.259 -0.258 -0.258 -0.256 -0.256 -0.25  -0.249 -0.243 -0.24
 -0.23  -0.23  -0.229 -0.228 -0.226 -0.224 -0.222 -0.221 -0.214 -0.214
 -0.208 -0.208 -0.207 -0.205 -0.204 -0.201 -0.198 -0.198 -0.195 -0.187
 -0.186 -0.184 -0.183 -0.182 -0.18  -0.179 -0.176 -0.175 -0.173 -0.164
 -0.161 -0.153 -0.153 -0.152 -0.15  -0.15  -0.149 -0.145 -0.144 -0.143
 -0.142 -0.14  -0.14  -0.138 -0.136 -0.134 -0.133 -0.127 -0.126 -0.125
 -0.12  -0.117 -0.114 -0.114 -0.111 -0.109 -0.109 -0.107 -0.105 -0.101
 -0.099 -0.098 -0.098 -0.096 -0.095 -0.094 -0.091 -0.091 -0.089 -0.088
 -0.087 -0.086 -0.086 -0.083 -0.082 -0.082 -0.08  -0.078 -0.077 -0.077
 -0.076 -0.074 -0.072 -0.071 -0.067 -0.06  -0.059 -0.055 -0.05  -0.048
 -0.047 -0.045 -0.043 -0.039 -0.038 -0.036 -0.034 -0.032 -0.031 -0.03
 -0.029 -0.027 -0.027 -0.024 -0.018 -0.015 -0.013 -0.01  -0.009 -0.007
 -0.007 -0.006 -0.005 -0.005 -0.003  0.001  0.002  0.003  0.009  0.017
  0.021  0.021  0.03   0.032  0.035  0.035  0.038  0.04   0.044  0.045
  0.046  0.046  0.049  0.051  0.052  0.055  0.056  0.056  0.059  0.06
  0.062  0.066  0.066  0.067  0.067  0.067  0.07   0.074  0.074  0.075
  0.077  0.078  0.078  0.08   0.081  0.082  0.085  0.087  0.088  0.091
  0.092  0.093  0.093  0.093  0.094  0.095  0.096  0.096  0.099  0.101
  0.103  0.104  0.108  0.11   0.111  0.116  0.117  0.118  0.124  0.125
  0.132  0.136  0.138  0.139  0.139  0.141  0.141  0.141  0.146  0.148
  0.155  0.157  0.161  0.161  0.169  0.172  0.172  0.172  0.176  0.177
  0.18   0.181  0.184  0.185  0.186  0.186  0.187  0.19   0.194  0.194
  0.196  0.198  0.2    0.204  0.204  0.206  0.206  0.216  0.219  0.22
  0.224  0.229  0.231  0.235  0.239  0.239  0.24   0.242  0.243  0.246
  0.247  0.248  0.248  0.248  0.249  0.25   0.251  0.251  0.251  0.252
  0.253  0.255  0.258  0.259  0.259  0.26   0.264  0.27   0.273  0.278
  0.279  0.28   0.28   0.281  0.282  0.284  0.287  0.289  0.293  0.293
  0.294  0.299  0.305  0.305  0.309  0.309  0.31   0.312  0.313  0.315]
quantizedVec=[-8162 -8122 -8117 -8092 -8044 -7953 -7668 -7603 -7530 -7466 -7377 -7205
 -7201 -7139 -7050 -6932 -6856 -6854 -6845 -6802 -6801 -6754 -6732 -6724
 -6689 -6666 -6521 -6482 -6325 -6251 -6008 -6000 -5966 -5947 -5893 -5850
 -5792 -5764 -5587 -5569 -5435 -5412 -5399 -5357 -5320 -5250 -5169 -5162
 -5085 -4878 -4838 -4809 -4782 -4735 -4681 -4663 -4588 -4572 -4502 -4265
 -4209 -3987 -3984 -3969 -3924 -3898 -3884 -3786 -3747 -3734 -3706 -3647
 -3644 -3598 -3550 -3484 -3468 -3322 -3274 -3264 -3135 -3044 -2982 -2974
 -2888 -2852 -2844 -2788 -2729 -2644 -2584 -2559 -2548 -2497 -2470 -2452
 -2374 -2365 -2310 -2290 -2261 -2245 -2237 -2171 -2150 -2139 -2088 -2045
 -2020 -2014 -1983 -1920 -1868 -1842 -1747 -1563 -1551 -1435 -1296 -1255
 -1226 -1182 -1119 -1029  -987  -943  -894  -828  -817  -791  -751  -707
  -692  -622  -460  -397  -343  -260  -242  -190  -181  -151  -123  -120
   -77    32    53    84   243   454   553   553   788   844   913   919
   982  1052  1154  1177  1199  1208  1287  1331  1357  1422  1448  1461
  1538  1557  1610  1709  1713  1735  1747  1755  1822  1933  1940  1946
  1995  2034  2038  2092  2111  2129  2227  2270  2297  2371  2402  2417
  2419  2434  2454  2466  2502  2514  2592  2626  2694  2712  2813  2880
  2885  3013  3045  3073  3235  3253  3450  3551  3597  3615  3616  3672
  3685  3688  3798  3856  4033  4102  4196  4209  4406  4474  4484  4493
  4596  4618  4695  4731  4799  4825  4842  4848  4883  4954  5052  5063
  5105  5161  5221  5324  5326  5361  5380  5639  5702  5749  5842  5982
  6030  6137  6226  6241  6249  6319  6324  6418  6442  6457  6469  6480
  6501  6511  6538  6549  6550  6563  6586  6657  6732  6746  6762  6768
  6880  7032  7108  7253  7281  7304  7306  7323  7351  7407  7484  7545
  7643  7653  7657  7804  7960  7963  8055  8062  8073  8143  8163  8219], scale=3.834485192683689e-05, z=0
dequantizedVec=[-0.313 -0.311 -0.311 -0.31  -0.308 -0.305 -0.294 -0.292 -0.289 -0.286
 -0.283 -0.276 -0.276 -0.274 -0.27  -0.266 -0.263 -0.263 -0.262 -0.261
 -0.261 -0.259 -0.258 -0.258 -0.256 -0.256 -0.25  -0.249 -0.243 -0.24
 -0.23  -0.23  -0.229 -0.228 -0.226 -0.224 -0.222 -0.221 -0.214 -0.214
 -0.208 -0.208 -0.207 -0.205 -0.204 -0.201 -0.198 -0.198 -0.195 -0.187
 -0.186 -0.184 -0.183 -0.182 -0.179 -0.179 -0.176 -0.175 -0.173 -0.164
 -0.161 -0.153 -0.153 -0.152 -0.15  -0.149 -0.149 -0.145 -0.144 -0.143
 -0.142 -0.14  -0.14  -0.138 -0.136 -0.134 -0.133 -0.127 -0.126 -0.125
 -0.12  -0.117 -0.114 -0.114 -0.111 -0.109 -0.109 -0.107 -0.105 -0.101
 -0.099 -0.098 -0.098 -0.096 -0.095 -0.094 -0.091 -0.091 -0.089 -0.088
 -0.087 -0.086 -0.086 -0.083 -0.082 -0.082 -0.08  -0.078 -0.077 -0.077
 -0.076 -0.074 -0.072 -0.071 -0.067 -0.06  -0.059 -0.055 -0.05  -0.048
 -0.047 -0.045 -0.043 -0.039 -0.038 -0.036 -0.034 -0.032 -0.031 -0.03
 -0.029 -0.027 -0.027 -0.024 -0.018 -0.015 -0.013 -0.01  -0.009 -0.007
 -0.007 -0.006 -0.005 -0.005 -0.003  0.001  0.002  0.003  0.009  0.017
  0.021  0.021  0.03   0.032  0.035  0.035  0.038  0.04   0.044  0.045
  0.046  0.046  0.049  0.051  0.052  0.055  0.056  0.056  0.059  0.06
  0.062  0.066  0.066  0.067  0.067  0.067  0.07   0.074  0.074  0.075
  0.076  0.078  0.078  0.08   0.081  0.082  0.085  0.087  0.088  0.091
  0.092  0.093  0.093  0.093  0.094  0.095  0.096  0.096  0.099  0.101
  0.103  0.104  0.108  0.11   0.111  0.116  0.117  0.118  0.124  0.125
  0.132  0.136  0.138  0.139  0.139  0.141  0.141  0.141  0.146  0.148
  0.155  0.157  0.161  0.161  0.169  0.172  0.172  0.172  0.176  0.177
  0.18   0.181  0.184  0.185  0.186  0.186  0.187  0.19   0.194  0.194
  0.196  0.198  0.2    0.204  0.204  0.206  0.206  0.216  0.219  0.22
  0.224  0.229  0.231  0.235  0.239  0.239  0.24   0.242  0.242  0.246
  0.247  0.248  0.248  0.248  0.249  0.25   0.251  0.251  0.251  0.252
  0.253  0.255  0.258  0.259  0.259  0.26   0.264  0.27   0.273  0.278
  0.279  0.28   0.28   0.281  0.282  0.284  0.287  0.289  0.293  0.293
  0.294  0.299  0.305  0.305  0.309  0.309  0.31   0.312  0.313  0.315]
-------------------------------------------------------------------
Quantization Grid - Max: 8191, Min: -8191
Quantized Weights:
[-8191. -8191. -8191. -8191. -8142. -8050. -7762. -7696. -7622. -7557.
 -7468. -7293. -7289. -7226. -7136. -7017. -6940. -6938. -6928. -6885.
 -6884. -6837. -6814. -6807. -6770. -6747. -6600. -6561. -6402. -6327.
 -6082. -6074. -6039. -6020. -5965. -5921. -5863. -5835. -5655. -5637.
 -5501. -5478. -5465. -5423. -5385. -5314. -5233. -5226. -5147. -4937.
 -4897. -4868. -4841. -4793. -4739. -4720. -4644. -4628. -4557. -4318.
 -4260. -4036. -4033. -4017. -3972. -3946. -3931. -3833. -3793. -3780.
 -3752. -3692. -3689. -3642. -3594. -3527. -3510. -3363. -3315. -3304.
 -3173. -3081. -3019. -3011. -2923. -2887. -2879. -2823. -2763. -2677.
 -2616. -2591. -2579. -2527. -2501. -2483. -2403. -2394. -2338. -2318.
 -2289. -2272. -2265. -2198. -2177. -2166. -2114. -2070. -2045. -2039.
 -2007. -1943. -1891. -1865. -1769. -1583. -1570. -1453. -1313. -1271.
 -1241. -1197. -1133. -1042.  -999.  -955.  -905.  -838.  -827.  -801.
  -760.  -716.  -701.  -630.  -466.  -402.  -348.  -264.  -245.  -193.
  -183.  -153.  -125.  -122.   -79.    33.    54.    86.   246.   460.
   560.   561.   798.   855.   925.   930.   994.  1065.  1168.  1192.
  1214.  1223.  1304.  1348.  1374.  1439.  1466.  1479.  1558.  1577.
  1630.  1730.  1734.  1756.  1769.  1776.  1845.  1957.  1964.  1970.
  2020.  2059.  2063.  2118.  2138.  2155.  2255.  2298.  2326.  2401.
  2431.  2447.  2449.  2464.  2485.  2497.  2532.  2545.  2624.  2658.
  2727.  2745.  2848.  2915.  2921.  3050.  3083.  3111.  3274.  3293.
  3492.  3595.  3641.  3659.  3660.  3718.  3730.  3733.  3845.  3903.
  4083.  4152.  4248.  4260.  4460.  4529.  4539.  4548.  4653.  4675.
  4753.  4789.  4858.  4884.  4901.  4907.  4943.  5015.  5113.  5125.
  5167.  5225.  5285.  5389.  5391.  5427.  5446.  5708.  5772.  5819.
  5913.  6055.  6104.  6212.  6302.  6317.  6326.  6396.  6402.  6496.
  6521.  6536.  6548.  6559.  6581.  6591.  6618.  6629.  6630.  6644.
  6667.  6738.  6815.  6828.  6845.  6851.  6964.  7118.  7195.  7341.
  7370.  7393.  7396.  7413.  7441.  7498.  7575.  7637.  7736.  7746.
  7751.  7899.  8057.  8061.  8153.  8160.  8172.  8172.  8172.  8172.]
Original Output: [-547.389 -523.48  -516.933 -462.813 -421.501 -398.442 -328.921 -151.539
 -134.811 -121.066 -114.629  -87.76   -80.896  -79.14   -22.042   11.689
   43.191   55.652   71.43    76.734   96.951  178.873  179.634  275.87
  300.848  335.21   394.205  400.302  405.63   507.11 ]
Quantized Output: [-1.184e+08 -1.132e+08 -1.117e+08 -1.001e+08 -9.115e+07 -8.613e+07
 -7.107e+07 -3.273e+07 -2.920e+07 -2.617e+07 -2.474e+07 -1.896e+07
 -1.748e+07 -1.712e+07 -4.731e+06  2.493e+06  9.337e+06  1.199e+07
  1.545e+07  1.661e+07  2.101e+07  3.862e+07  3.880e+07  5.970e+07
  6.510e+07  7.248e+07  8.523e+07  8.635e+07  8.774e+07  1.097e+08]
Dequantized Output: [-547.391 -523.684 -516.828 -462.749 -421.569 -398.371 -328.711 -151.386
 -135.066 -121.046 -114.427  -87.684  -80.851  -79.161  -21.882   11.532
   43.183   55.458   71.466   76.808   97.193  178.622  179.461  276.098
  301.099  335.215  394.181  399.369  405.8    507.295]
🔹 Maximum difference: 0.9325847846588431
🔹 Minimum difference: 0.0019499719318218922
🔹 Relative error (for each element): [3.657e-04 7.247e-03 2.330e-03 6.371e-04 1.705e-04 1.403e-03 8.268e-04
 6.050e-05 8.600e-04 4.201e-04 1.592e-05 1.762e-03 9.629e-04 9.559e-04
 3.485e-03 2.500e-03 2.607e-04 3.907e-04 1.783e-04 2.019e-04 5.159e-04
 3.562e-06 8.328e-04 1.614e-04 1.846e-04 1.345e-02 1.006e-03 5.560e-04
 1.368e-04 1.896e-03]
🔹 Mean relative error: 0.0014591118389850144
🔹 Mean absolute error: 0.15287176510036266

Process finished with exit code 0
